7.958054830869999705e+02
6.445851616119999505e+01
5.695781029620000169e+01
6.711108846199999789e+02
4.365014220580000028e+02
6.212540901790000589e+02
7.563014885389999336e+02
5.566656778819999545e+02
6.338476558130000740e+02
7.509846856380000872e+02
5.033976272469999458e+02
4.519855868149999765e+02
5.138392657900000131e+02
6.804874516840000069e+02
6.944883672660000684e+02
5.338542529200000217e+02
4.403463679390000038e+02
1.853641239990000145e+02
5.439397096090000332e+02
5.889400817019999295e+02
6.034995882489999985e+02
5.348954644909999843e+02
5.921936537450000060e+02
4.970858957109999778e+02
1.431642904299999941e+02
4.258167854449999936e+02
5.071300703080000289e+02
3.979010048730000335e+02
5.386717972490000648e+02
4.496557304510000108e+02
4.448585626299999944e+02
4.788963184509999564e+02
5.206949852129999954e+02
4.350031943730000421e+02
3.897839860660000113e+02
4.617977758110000082e+02
4.294239693850000208e+02
3.962556586150000157e+02
1.258966651220000017e+02
6.389964807759999985e+02
4.055903977219999774e+02
6.828881639740000082e+02
5.345174689259999923e+02
4.774378545980000581e+02
5.222595027429999845e+02
3.287266137859999731e+02
5.199171362209999643e+02
6.714533849640000653e+02
3.953828960959999677e+02
3.429569205679999868e+02
4.176005644919999895e+02
4.751078249030000507e+02
5.318130120800000213e+02
3.657559938569999645e+02
3.671539849459999800e+02
4.552234322400000224e+02
3.933622134949999918e+02
4.446382130769999890e+02
4.026485315639999953e+02
4.230203242259999570e+02
5.539364387130000296e+02
3.279148667990000376e+02
4.422767437769999788e+02
5.874786594529999775e+02
5.427633213909999768e+02
4.615817572049999740e+02
3.524445532409999942e+02
3.685515411380000046e+02
6.644053648519999342e+02
4.832171256500000140e+02
4.247599387980000074e+02
3.483387891350000132e+02
7.054481743139999708e+02
4.257069687340000428e+02
6.305983371739999939e+02
4.100485846380000226e+02
3.641942415219999702e+02
6.491142795119999391e+02
5.138553316449999784e+02
3.764361299899999835e+02
2.827056402000000048e+02
4.781266210919999935e+02
2.827214798440000436e+02
3.975756221280000204e+02
5.213752782750000279e+02
3.008516394270000092e+02
3.553378839030000336e+02
4.356596658080000566e+02
2.862541640879999818e+02
4.309851259090000326e+02
6.271530692410000256e+02
3.214463591720000295e+02
2.224145979729999851e+02
4.191447018890000322e+02
3.246879026560000057e+02
3.846940161310000121e+02
1.785622688420000088e+02
3.826098604230000433e+02
3.929179249580000146e+02
5.852935824909999383e+02
3.926947678099999735e+02
4.851387441419999504e+02
3.525002929240000071e+02
3.427258496119999904e+02
3.353246638520000147e+02
3.793708980530000190e+02
3.527163016599999992e+02
5.454194611840000562e+02
3.339341310400000111e+02
3.910461667280000029e+02
2.442415822529999900e+02
4.339635984790000407e+02
4.127048860809999837e+02
4.631097534360000054e+02
3.523981768549999742e+02
4.217531646080000201e+02
3.422815960890000042e+02
3.749402994850000255e+02
5.077780123399999752e+02
2.774231025479999744e+02
4.154339172980000399e+02
6.488129123219999883e+02
1.393350230060000001e+02
1.655963795279999999e+02
3.579425689130000023e+02
4.744384461280000096e+02
4.564784275019999882e+02
5.388982795980000446e+02
3.043578036719999886e+02
2.389568509519999964e+02
4.559426302519999581e+02
1.430273390979999988e+02
3.145941936780000106e+02
5.713194831469999144e+02
5.230388696989999744e+02
4.355573090859999752e+02
5.411120723640000278e+02
5.061627844569999866e+02
2.983445200529999966e+02
3.966581901080000421e+02
2.861172912979999978e+02
3.519296394039999996e+02
1.840827286959999753e+02
2.908449592690000145e+02
4.624800900830000501e+02
2.614838931200000047e+02
7.197116173810001101e+02
6.181980963880000672e+02
2.578163999719999993e+02
7.127472737900000084e+02
3.944534067339999979e+02
3.295635341830000016e+02
4.252086440009999819e+02
1.982504691209999805e+02
3.736404874790000008e+02
4.002870913880000217e+02
4.913900582230000396e+02
2.831657653280000204e+02
5.499954483679999839e+02
3.659410131509999928e+02
2.931608025210000079e+01
5.039646779430000265e+02
3.905710418519999507e+02
3.316676050920000307e+02
2.145175692530000049e+02
2.168119990550000011e+02
2.805472309520000067e+02
5.176800485899999558e+02
4.248412807919999636e+02
3.524153599159999999e+02
2.297062634749999859e+02
3.953359674840000366e+02
4.833711809540000104e+02
3.236679989200000023e+02
2.474073645150000118e+02
5.255237183049999885e+02
3.195872913430000040e+02
4.827624921400000062e+02
7.605432147550000366e+01
4.409660447469999554e+02
6.940273057139999082e+02
5.101252330419999907e+02
4.810497898689999943e+02
3.577244579540000018e+02
1.548765565079999931e+02
3.369481850469999813e+02
3.923134562569999844e+02
2.768715804209999760e+02
4.622900668500000165e+02
2.093825767640000208e+02
2.621712073179999720e+02
6.536237356130000080e+02
5.130382361150000179e+02
3.472110866310000006e+02
3.538966241080000259e+02
2.388910176920000197e+02
5.271061768519999760e+02
7.583207683789999010e+02
2.290448483819999979e+02
3.556781768740000302e+02
6.306864282359999834e+02
2.668151021290000244e+02
3.267578465849999816e+02
5.563289949159999424e+02
3.129096815999999990e+02
7.654044757760000266e+02
4.535141176480000240e+02
2.576960870519999958e+02
3.923924991419999628e+02
5.250864810619999616e+02
2.830858142569999814e+02
1.253236204850000064e+02
5.002260335270000269e+01
5.498277610840000307e+02
2.340361886750000053e+02
3.076578677819999825e+02
3.337370056940000040e+02
2.605163975699999810e+02
3.379625536979999652e+02
2.375937913580000043e+02
3.194691424119999965e+02
1.911011181509999801e+02
3.959533554069999468e+02
2.720890219270000330e+02
1.853333226470000170e+02
7.417726347490000194e+01
4.930041646139999898e+02
1.926036156559999881e+02
2.775628717970000139e+02
3.280862865290000059e+02
1.651774953549999907e+02
5.867967198500000450e+02
4.508692847580000489e+02
6.812981627930000741e+02
6.073709058669999195e+02
2.731727663799999846e+02
4.497797500390000209e+02
3.228791496299999721e+02
2.999902044940000234e+00
2.753554677870000091e+02
7.731347511489999533e+02
7.336796682909999845e+01
7.137657560060000606e+02
3.670990274919999479e+02
1.070699260629999969e+02
2.154916482920000078e+02
1.788921140659999764e+02
8.883437766459998386e+01
8.312139248239999745e+01
6.449360696139999618e+02
5.677964585890000535e+02
3.418919536420000327e+02
1.791147823040000162e+02
6.800174014930000794e+02
6.577197293850000506e+02
6.160735606330000564e+02
1.610883914560000107e+02
4.419007034769999791e+02
3.506691009809999855e+02
2.504894359529999974e+02
7.147705468159999498e+01
1.079080419210000059e+02
8.040913821110000015e+01
7.495314145360000566e+02
1.848033347370000001e+02
3.828304717280000204e+02
2.321993971880000061e+02
1.553043954310000174e+02
6.163165093530000149e+02
9.597579644479999672e+01
1.912692429490000166e+02
1.252144327210000085e+01
6.641766617859999542e+02
2.219813777240000263e+02
1.776250046929999939e+02
1.020508970579999897e+02
4.785654095040000016e+02
5.426731126199999835e+02
2.739968044589999874e+00
7.695608256250000068e+02
1.785574351190000186e+02
6.251763179600000058e+02
7.087362077469999804e+02
7.019994377010000335e+02
7.659202463619999435e+02
7.167717604969999456e+02
2.610195123540000282e+02
4.612213303180000139e+02
5.138878703459999997e+02
2.795774737540000388e+02
6.091948168410000335e+02
2.929353360709999947e+02
4.223591017290000309e+02
2.423873469350000107e+02
4.682322796909999738e+02
3.182954203780000171e+02
6.413615549190000138e+02
6.669169019469999284e+02
5.823284811990000662e+02
7.384266288779999741e+02
6.444440584609999405e+02
3.712719542699999806e+02
2.348172960900000135e+02
5.860414727060000217e+01
4.852378105380000193e+02
5.914252723469999182e+02
4.528279504899999353e+01
1.104938017139999999e+02
8.565535536900000579e+00
2.446561258159999852e+02
1.121023382079999919e+02
1.512997174029999883e+02
7.714792445860000498e+02
1.322977628749999894e+02
6.947479087470000536e+01
8.775532426709999356e+01
2.572091397120000238e+02
9.374396221540000340e+01
1.685921095879999996e+02
2.648558155599999964e+01
7.105601574529999880e+02
3.865987350059999699e+02
2.436813602609999805e+02
