5.508300589100000479e+02
6.022870432189999974e+02
2.970928562839999927e+02
6.751164476719999357e+02
3.364913698099999806e+02
5.353153818170000022e+02
3.735778520499999900e+02
2.424734603800000059e+02
3.771761334719999468e+02
4.782058405590000234e+02
5.116669549810000035e+02
4.803828346590000251e+02
1.417337159520000114e+02
5.025735953700000209e+02
3.880165942849999965e+02
3.021537379509999823e+02
3.912811523669999474e+02
3.822457353689999877e+02
3.969129076140000052e+02
5.826300195680000797e+02
3.937607826149999823e+02
4.181713946090000036e+02
3.710605216630000314e+02
3.799349756369999795e+02
5.321460177010000052e+02
4.574750686309999992e+02
5.526222903530000394e+02
4.925058062809999910e+02
3.671349010399999884e+02
3.449417877680000402e+02
4.073448772809999809e+02
3.613073351009999783e+02
5.264610703549999471e+02
4.011206678159999797e+02
2.485792303259999869e+02
4.021346133419999660e+02
4.277062525759999971e+02
3.659579189190000079e+02
4.783604749169999764e+02
1.888608889699999906e+02
4.616807042519999413e+02
3.213166342409999743e+02
6.441307349520000116e+02
3.527454764089999912e+02
4.535862610000000359e+02
4.602311420909999811e+02
4.205217089500000043e+02
2.891665428179999822e+02
4.991584542109999916e+02
5.402764162439999609e+02
3.913302532159999600e+02
3.529733718769999768e+02
3.655960109150000221e+02
3.678971152230000143e+02
3.891584218699999838e+02
5.951133843259999594e+02
4.691532188300000143e+02
2.877111530870000138e+02
5.312642066659999500e+02
4.033074318999999832e+02
3.657587502419999623e+02
2.790065083620000337e+02
6.267016152780000766e+02
5.872107763699999623e+02
4.221296129569999493e+02
2.909880908480000130e+02
4.346640658690000123e+02
2.972666691140000239e+02
3.457467241009999839e+02
4.008777522809999709e+02
4.832416657280000436e+02
3.337311365369999976e+02
3.024321079200000213e+02
4.720811153849999755e+02
4.847065104690000226e+02
4.548022271049999858e+02
3.130907552319999922e+02
2.560255882650000103e+02
3.439891738369999530e+02
5.172543763569999555e+02
4.249767524499999922e+02
2.754035198270000251e+02
5.436086981230000674e+02
2.050555641500000092e+02
2.704546742699999982e+02
3.686702156359999663e+02
2.204971225009999785e+02
3.921963454230000252e+02
4.548064735230000224e+02
4.030740512259999946e+02
2.012904567550000081e+02
4.624604297430000202e+02
4.999345291340000017e+02
3.377493855520000352e+02
4.015562079369999537e+02
2.811662259459999973e+02
6.908399431919999643e+02
4.205598564340000394e+02
5.026106458680000060e+02
2.353154819999999745e+02
2.081719094529999836e+02
2.404467660279999848e+02
2.904322007779999808e+02
5.708847954599999639e+02
6.303499565810000149e+02
6.446603471590000822e+01
4.584132099799999764e+02
4.754716154989999950e+02
8.254099503499999457e+01
4.084816917649999937e+02
4.366079914790000203e+02
5.974898045899999488e+02
3.826860318019999454e+02
5.819397595660000206e+02
2.616544976810000094e+02
4.282664548189999891e+02
3.121034288870000069e+02
4.032551507830000332e+02
3.234488584389999914e+02
2.395668654690000210e+02
6.319413711590000275e+02
1.566974809390000019e+02
5.468549618209999608e+02
5.193087424149999833e+02
3.326264825609999889e+02
4.598929907319999870e+02
3.560362689250000017e+02
3.530287007389999872e+02
3.130812632450000024e+02
4.328135053450000100e+02
7.054127588129999822e+02
2.695734121159999859e+02
6.168278362610000158e+02
3.121370850449999921e+02
2.871807817289999889e+02
2.075028753770000094e+02
4.266702313919999483e+02
2.154783756500000038e+02
3.148955338779999806e+02
8.535020846710000342e+01
2.089023740519999990e+02
3.610683521690000362e+02
4.381516382300000032e+02
7.135677550360001078e+02
4.751891730140000050e+02
4.092507232559999579e+02
3.444577165409999679e+02
2.751570060839999883e+02
2.479076825950000114e+02
8.179355335220000711e+01
4.356353013569999462e+02
2.956279363990000206e+02
2.764351141429999643e+02
3.058372840309999674e+02
2.138990524870000058e+02
6.335717348030000267e+02
4.789770741840000028e+02
5.142489378249999845e+02
9.563257600809998848e+01
2.554734194279999997e+02
6.019357756910000035e+02
3.005250462740000330e+02
3.026744758300000058e+02
4.243650922180000293e+02
2.955837358630000153e+02
2.984833619070000168e+02
3.183861460509999688e+02
2.966882479390000071e+02
3.792594710669999927e+02
3.011583668209999587e+02
3.723995159730000069e+02
2.957358003979999808e+02
5.337599650519999841e+02
3.870693073319999939e+02
2.274224388540000064e+02
3.348346509440000318e+02
2.218000014929999963e+02
5.353139872090000608e+02
3.941840521109999713e+02
4.202314870810000116e+02
5.840995246610000322e+02
5.672456681429999890e+02
1.352773711210000158e+02
1.984852078700000106e+02
3.441180703980000430e+02
1.963884506480000169e+01
2.063383652420000089e+02
5.651034972290000269e+02
3.912179899939999927e+02
4.071450335669999845e+02
1.498732719529999997e+02
5.563593872459999830e+02
3.531298691110000050e+02
3.916638807440000392e+02
2.108900374979999981e+02
2.569021517659999745e+02
5.383728813799999671e+02
2.082813188300000036e+02
2.782856838529999663e+02
2.969985166000000163e+02
5.471469155230000752e+02
4.388419091080000385e+02
4.831930237630000420e+02
1.060303159179999994e+02
3.925776794669999958e+02
1.572776766240000086e+02
4.922257099180000068e+02
7.319018814980000798e+02
6.082983866000000717e+02
6.869486098940000147e+02
3.931175122989999693e+01
2.290451736130000029e+02
3.544296386590000338e+02
2.320488611000000105e+02
4.189928759349999723e+02
4.202494944499999860e+02
2.840963947650000136e+02
2.678279232439999902e+01
1.913175709500000039e+02
3.034281781759999603e+02
2.849045641790000332e+02
2.298713682340000020e+01
2.255563363409999909e+02
1.931438527279999846e+02
4.710289497380000512e+02
6.222650377610000305e+02
5.432917422640000495e+02
5.275310970379999986e+01
5.597313423340000327e+02
3.614382916119999578e+01
4.647784106019999513e+02
4.653837514209999995e+02
5.215155113050000182e+02
7.278232861460001004e+02
2.720437207539999918e+02
4.980884881309999628e+02
3.292398597659999950e+02
1.213247580320000054e+02
2.719512053690000357e+02
5.890124990470000057e+02
2.441236294779999980e+02
1.766487652140000080e+02
2.736823393690000330e+02
5.932397807950000015e+02
3.065853676720000180e+02
4.779127572240000177e+02
7.774916757219999681e+02
1.039870889589999905e+02
1.115164252770000104e+02
3.806957134599999790e+02
1.806098700790000180e+02
1.988685352120000118e+02
2.629215692359999821e+02
5.536218026049999708e+02
6.937561001530000340e+02
4.534860203959999581e+02
8.796504371360001073e+01
5.011653344850000735e+01
7.239955241679999745e+02
5.786521498260000271e+02
2.628479352829999698e+02
1.311503722319999952e+02
3.910420924250000212e+02
5.687666078050000351e+02
6.863545254440000463e+02
3.119390824179999981e+02
5.556457333400000032e+00
4.688803673759999810e+02
1.353142406380000011e+02
1.336394099610000126e+02
4.380116289509999774e+02
3.068683764759999804e+02
1.863507584040000040e+02
3.545307325230000401e+02
6.410834269309999627e+02
3.163762106429999932e+01
3.064908209300000053e+01
6.102407212509999681e+02
1.478597719660000109e+02
5.591721775820000175e+02
6.261892151819999981e+02
4.560775621180000030e+02
6.399649443130000463e+02
4.637628692959999626e+02
2.486801151040000093e+02
5.875987000669999816e+02
9.326973121649999143e+00
4.001521264909999900e+02
1.099743698540000025e+02
5.254988850949999915e+02
3.892352033030000484e+02
4.786025806800000026e+01
6.071970807890000543e+01
6.719953586230000155e+02
7.392687900880000598e+02
5.576635925150000048e+02
5.312780428590000383e+02
6.009140781710000283e+02
5.924164463170000090e+02
2.754796606219999831e+02
7.246314050460000544e+02
4.837120111780000116e+02
3.210876852940000390e+02
6.389613910919999995e+01
4.192192037630000527e+02
3.643875514830000384e+02
9.323104709209998475e+01
4.111469895399999928e+02
4.670877335169999469e+02
1.653525097829999879e+02
4.030255378430000519e+02
6.192411524709999640e+02
7.946234333449999667e+02
7.344071902050000062e+02
1.707543240809999929e+02
4.353634926759999644e+02
2.124362969519999922e+01
7.235767393730000094e+02
7.032250813189999690e+02
6.094821298909999996e+02
4.642546107489999940e+02
7.493521391119999180e+02
5.557229964089999612e+02
