9.260107383599999409e+00
1.188074611799999936e+01
2.934912464170000135e+01
1.848419009919999922e+01
1.459638160949999985e+01
1.411529450689999976e+01
1.470904183480000071e+01
6.555083017459999439e+00
1.394481548599999954e+01
1.266657462329999895e+01
1.967525011069999863e+01
1.823027597060000105e+01
1.730223691129999963e+01
1.341616159930000052e+01
1.338473452829999921e+01
1.399733082789999905e+01
1.083632012460000027e+01
1.082469089960000019e+01
9.630165094620000588e+00
1.671848254120000021e+01
8.610904942789998628e+00
1.573468637930000114e+01
1.553961014089999892e+01
1.493535919920000055e+01
1.665833357280000016e+01
1.390327358130000057e+01
1.211069086319999855e+01
2.069512805289999946e+01
1.682946521609999735e+01
1.646485978189999955e+01
1.989683272630000133e+01
1.459665741799999950e+01
1.355884138380000081e+01
1.423361964609999930e+01
1.136338331289999992e+01
1.803776988439999940e+01
1.760701999770000015e+01
2.024911675750000128e+01
2.410972007639999859e+01
1.369987400630000174e+01
2.055412876579999804e+01
8.319464099119999290e+00
2.409378601310000079e+01
1.733631629799999985e+01
2.254585951030000146e+01
1.294215321640000127e+01
1.705889411749999951e+01
1.139128698470000067e+01
1.655692552410000218e+01
2.347173218550000229e+01
1.804810212539999981e+01
1.465029871289999974e+01
1.233981093119999883e+01
1.697729169799999838e+01
1.724557931069999839e+01
1.240973892460000094e+01
1.701338782119999848e+01
1.793025609429999889e+01
8.977460402440000209e+00
1.576825910720000046e+01
1.136262441450000082e+01
1.871657636349999976e+01
7.428889014690000181e+00
1.343020673579999880e+01
1.359925822950000018e+01
1.253845218309999865e+01
1.468141963470000100e+01
1.180285423640000175e+01
1.688040237559999923e+01
1.630254716329999809e+01
1.891513650699999971e+01
2.250259222070000220e+01
7.953760000710000888e+00
1.980951540239999886e+01
2.679182341329999772e+01
1.588823531390000099e+01
1.131905782039999941e+01
1.239183083869999891e+01
1.471304551910000136e+01
2.294940463380000040e+01
2.392350287219999672e+01
1.634701898160000155e+01
1.363603757869999811e+01
1.550309231029999957e+01
1.588630533380000109e+01
1.823064056920000198e+01
8.022398142829999301e+00
1.676041143429999991e+01
1.822118739749999961e+01
1.760953035690000235e+01
7.897098017910000323e+00
1.325802668230000059e+01
5.185002259330000030e+00
1.714684727930000108e+01
1.536293504799999887e+01
2.094732190059999866e+01
1.223418887900000129e+01
1.366304646910000109e+01
1.797271132200000210e+01
1.608464083109999976e+01
1.238332543019999932e+01
1.766619455720000076e+01
1.506349924950000130e+01
1.710486546239999939e+01
1.930347719130000073e+01
1.457327868189999975e+01
1.572509072400000107e+01
1.489660691579999963e+01
8.399820579439998269e+00
1.686168490529999886e+01
1.319059425529999885e+01
1.930877208809999956e+01
1.660980919809999889e+01
2.383214098190000030e+01
1.163173360819999935e+01
1.759430274139999995e+01
2.067188462600000065e+01
2.129235438530000124e+01
8.955999332630000254e+00
2.241538605250000060e+01
1.906919082410000144e+01
3.761662926569999676e+00
1.048647708820000091e+01
2.024329327140000245e+01
1.452731880869999870e+01
1.468530873749999976e+01
1.390522438180000009e+01
1.140270741289999989e+01
1.722445477979999851e+01
2.052661286600000068e+01
2.068610786220000008e+01
1.918630760049999884e+00
1.674870656739999930e+01
1.603735835900000239e+01
1.313279477859999922e+01
2.260254920360000241e+01
1.235883957020000068e+01
1.181683004670000159e+01
1.168158083780000034e+01
1.335659692920000019e+01
1.497574209959999969e+01
1.930360461100000080e+01
2.965457730139999981e+01
9.424937291660000938e+00
1.743688782919999980e+01
1.241023318329999903e+01
1.014937129259999971e+01
8.339698116310000131e+00
2.839083499780000253e+01
1.334379776069999934e+01
2.183165616690000022e+01
1.491674806799999864e+01
1.316158245069999921e+01
2.101436792790000041e+01
1.391519728739999984e+01
2.286148590710000050e+01
1.808982373359999896e+00
2.079531403940000089e+01
1.139837692849999939e+01
1.777655359250000089e+01
2.163805365650000212e+01
1.763313224230000031e+01
1.867900441229999942e+01
1.953117316610000032e+01
1.504738508239999994e+01
1.625507927789999840e+01
1.550494942220000105e+01
1.529641426089999889e+01
1.585328447759999904e+01
2.056290945659999991e+01
2.694646067590000271e+01
1.521797176009999930e+01
1.416194070200000077e+01
1.333249537880000091e+01
1.986948152969999981e+01
1.556673930970000086e+01
1.164349239989999951e+01
1.564458496049999958e+01
9.497361498960000148e+00
2.331370210500000084e+01
1.025325223389999962e+01
1.632453436299999794e+01
8.109802966529999324e+00
2.239039846889999907e+01
2.284606867340000136e+01
1.036289281929999806e+00
5.214655196049999830e+00
2.325812040949999826e+01
2.292709474149999949e+01
1.262456931799999893e+01
1.662783119459999881e+01
2.257336272650000097e+01
1.574091336769999927e+01
1.939011083799999824e+01
1.648644015890000247e+01
1.637980414109999927e+01
1.679506636300000011e+01
1.968726697019999961e+01
1.561879469849999857e+01
2.370654111249999829e+01
1.180463250529999897e+01
1.970747502560000086e+01
2.081349011569999874e+01
2.061672044670000048e+01
1.740242441819999897e+01
2.373542537730000124e+00
2.283510752530000332e+01
2.793832994389999769e+01
1.700820642619999745e+01
1.592239996160000004e+01
1.033928782939999991e+01
1.155843401959999994e+01
1.727889741519999944e+01
2.872939984800000346e+01
1.379253919229999958e+01
1.416983729119999857e+01
1.634062036490000125e+01
1.887100664649999970e+01
1.830362530190000214e+01
1.763345700249999837e+01
1.042537936739999971e+01
7.058633732859999732e+00
1.478426289489999945e+01
1.179523941789999952e+01
2.195366839300000095e+01
3.599695485450000287e+00
2.193839667530000170e+01
2.533679738639999712e+01
1.665573702289999858e+01
1.755386146289999871e+01
4.859616899080000607e+00
1.363277303440000132e+01
2.144574111609999889e+01
1.593184929190000076e+01
8.980340774260001879e+00
1.436213002869999933e+01
9.405012201710000852e+00
1.543592846279999975e+01
2.372421396050000197e+01
2.120023360060000073e+01
1.525173836749999978e+01
1.284405667619999925e+01
1.477002014680000030e+01
1.397290012089999856e+01
9.902066743230001578e+00
9.625205461919998484e+00
1.883332393410000094e+01
1.648848293390000208e+01
1.548691531739999938e+01
5.482173873350000726e+00
1.605212128480000189e+01
2.147422930440000144e+01
1.620768415420000252e+01
1.828649445989999833e+01
1.319327673890000163e+01
2.492455599899999985e+00
2.896743108829999969e+01
2.659827660849999731e+01
1.573576405460000061e+01
2.401453188059999988e+01
1.643469392130000273e+01
1.023875828309999925e+01
6.984835847270000286e+00
2.149676821119999914e+01
1.365569248239999922e+01
4.944823053880000430e+00
2.188458786780000054e+01
9.665821334209999449e+00
2.932784417739999938e+01
7.244465151530000036e+00
2.090527017940000221e+01
2.625300759170000120e+01
2.059805298109999683e+00
1.937423588340000080e+01
8.712229592959999991e+00
1.082062795759999929e+01
4.014008712880000829e+00
2.466899864690000044e+01
1.282679679420000163e+01
2.589963989139999967e+01
9.870452270019999474e+00
2.132891972579999873e+01
1.560302190520000032e+01
9.876179716919999407e+00
1.042100749749999977e+01
6.119151628659999176e+00
1.352848646990000070e+00
7.745093217910000050e+00
1.095400650500000062e+01
1.358737102180000100e+01
2.806727378699999775e+01
9.698608486299999498e+00
7.511684122869999314e+00
1.187277720900000055e+01
2.859362600209999883e+01
2.454730956610000092e+01
4.324166513349999796e+00
2.829999300669999940e+01
1.348490881000000030e+01
2.633340350280000308e+01
2.532467516770000060e+01
3.235001153389999828e+00
7.355084398849999872e+00
4.732779801380000428e+00
2.597984885280000356e+01
1.001122762249999987e+01
1.074354496920000024e+01
1.782281011349999833e+00
1.003565943549999950e-01
2.851112541440000214e+01
2.264065361750000172e+00
2.657790536750000143e+01
8.346111814860000422e+00
2.717500350159999911e+01
2.938941121290000069e+00
1.235754114649999957e+00
1.467164281849999874e+01
2.953069286989999753e+01
4.983207207200000433e+00
2.183278519220000380e+00
2.953557908830000134e+00
2.081218605000000110e+01
1.402802398700000097e+01
