2.835409191029999665e+00
1.718231461290000039e+00
1.032384186500000078e+00
1.772318241460000054e+00
2.094443216800000229e+00
2.186940001369999997e+00
2.427219741950000120e+00
1.579574140470000110e+00
2.095630366510000009e+00
2.163511497890000079e+00
1.724323216479999976e+00
1.737873896900000048e+00
2.390717732890000224e+00
2.392126126399999997e+00
2.515101727279999810e+00
2.157694818319999985e+00
1.651982169629999886e+00
2.593439538920000231e+00
2.117931888979999844e+00
2.007028964949999938e+00
1.938565094449999915e+00
2.068660337729999910e+00
2.326780209020000267e+00
2.054430504900000010e+00
2.477718517680000065e+00
1.387487439149999835e+00
2.920241998280000306e+00
1.928987290779999864e+00
2.662816611040000225e+00
2.220880353559999687e+00
2.082262535709999973e+00
2.287154765409999957e+00
1.974962758750000047e+00
2.325981095079999950e+00
2.503218589590000320e+00
1.999691648029999991e+00
2.142086018750000154e+00
2.330272524209999752e+00
2.091551184290000087e+00
2.214501115030000022e+00
1.839525392509999913e+00
2.743634227639999867e+00
2.194876144779999816e+00
2.187857970280000064e+00
2.320661846090000147e+00
1.748070401109999672e+00
2.042782394610000107e+00
2.765075473070000012e+00
1.973596257790000141e+00
1.848492588920000124e+00
2.107667503500000095e+00
2.102413582959999694e+00
2.513977793980000097e+00
2.205843797070000001e+00
2.245207657940000434e+00
1.872234556859999843e+00
1.865404137359999659e+00
2.384198639940000142e+00
2.991085510680000059e+00
2.467256991859999804e+00
2.544035045449999810e+00
2.246116676829999825e+00
2.260125322760000000e+00
2.686287962990000278e+00
2.428689327140000298e+00
2.427106010290000171e+00
2.467517379579999837e+00
9.215220458430000150e-01
2.486185704199999957e+00
1.938400360520000199e+00
1.588288643260000077e+00
2.863122153149999960e+00
2.970958672320000105e+00
1.717267325459999938e+00
2.652833136859999996e+00
2.246330265909999735e+00
2.134392551199999932e+00
2.589621736919999861e+00
2.411560555279999907e+00
1.831441506200000013e+00
2.533475980129999972e+00
1.766761495149999917e+00
2.156669601440000417e+00
1.408533370479999824e+00
2.326537168379999798e+00
1.970390641850000124e+00
2.124057215560000156e+00
2.167056974499999900e+00
2.335505643779999918e+00
2.075094114250000121e+00
2.063029482159999706e+00
2.244378479909999946e+00
2.928031633469999839e+00
2.347077727509999878e+00
1.962336340399999823e+00
2.280592375140000350e+00
2.205019499040000053e+00
1.960782477410000002e+00
2.081559406019999781e+00
2.477470900079999705e+00
2.353061836049999744e+00
2.142087516699999750e+00
1.824021087059999768e+00
2.079622098240000216e+00
2.014979364300000242e+00
8.314433546930000141e-01
2.006250559159999725e+00
1.887999115470000211e+00
2.700816727309999887e+00
2.153039441840000290e+00
2.396914954220000116e+00
2.200011029190000134e+00
2.370375280620000247e+00
2.648876361649999733e+00
2.313129493290000394e+00
1.935269198320000106e+00
2.026643916969999903e+00
1.527963600390000121e+00
2.248267441209999884e+00
2.488348035930000091e+00
1.604911591509999846e+00
2.181271060419999852e+00
1.272332285320000089e+00
1.863081545929999860e+00
1.780662370190000177e+00
2.347663804140000199e+00
2.427726988999999946e+00
2.099930603359999814e+00
1.649885739449999944e+00
1.861591565699999951e+00
2.492827901230000087e+00
1.990228380380000273e-01
2.077921213749999829e+00
1.764462026019999907e+00
2.230122942479999981e+00
2.384779234979999885e+00
1.814267896049999829e+00
2.082430108340000086e+00
2.572028281309999720e+00
2.488146855749999720e+00
2.292921474549999949e+00
2.170322500200000171e+00
2.781661522570000322e+00
2.225532112540000274e+00
1.995592557990000238e+00
2.061513152040000296e+00
1.842050452750000122e+00
1.658325108050000107e+00
2.151462139169999954e+00
2.522319456259999981e+00
1.491900152789999767e+00
1.659934400230000051e+00
1.658336931239999812e+00
2.323645967820000102e+00
1.549608055539999807e+00
2.962707691590000358e+00
1.477417635870000190e+00
2.097354813590000422e+00
2.982814850820000085e+00
1.792575642130000091e+00
2.062998271329999689e+00
1.809229707059999637e+00
2.368398601230000011e+00
2.220141155299999891e+00
1.381022284749999995e+00
1.882452344159999846e+00
2.214915930679999700e+00
2.632530680689999958e+00
2.457969601399999870e+00
1.811052498620000284e+00
2.710978921800000219e+00
2.383480215070000074e+00
1.679820341389999916e+00
1.877322654679999925e+00
2.388787812090000351e+00
2.502296597329999983e+00
2.068711852720000355e+00
2.212568807090000256e+00
2.370319223490000127e+00
1.167768190079999879e+00
1.518651306999999839e+00
2.380275208420000066e+00
1.693517100399999809e+00
1.315708466670000076e+00
1.641564907240000037e+00
1.991687875909999850e+00
2.488517217390000091e+00
2.299882305320000153e+00
8.086670248350000811e-01
1.681139850749999942e+00
1.301524053210000087e+00
1.673051924959999992e+00
2.051469650740000095e+00
2.430496600699999732e+00
1.768549387520000016e+00
1.326746452989999936e+00
1.105249962900000105e+00
1.284628565839999847e+00
1.291194623350000015e+00
1.831531922090000153e+00
1.414410895210000074e+00
1.252275986159999910e+00
1.931863014489999975e+00
2.042556039890000008e+00
2.050089797920000123e+00
9.254574969050000099e-01
3.662374573319999715e-01
2.775342753929999962e+00
1.308134126699999955e+00
9.795766263500000903e-01
2.330302070590000163e+00
1.572530109460000158e+00
2.431608284490000216e+00
1.695389673829999833e+00
2.011762073139999885e+00
2.847296014359999905e+00
1.010405250529999854e+00
1.231927043220000018e+00
1.665083488330000083e+00
1.207098765730000078e+00
2.408648664759999836e+00
2.045097347880000083e+00
1.531832597750000025e+00
1.750812751000000000e+00
6.589379843559999284e-01
1.130639836360000094e+00
1.896320071649999939e+00
8.402964613079999534e-01
1.892865259190000371e+00
1.090904476720000016e+00
8.001726923040000106e-01
2.031442848379999777e+00
2.068471348709999713e+00
2.672716008159999657e+00
2.028720906040000216e+00
2.091802685790000282e+00
2.518366054469999948e+00
2.656682134800000039e+00
2.438858465709999646e+00
2.473512718379999864e+00
1.861986297640000343e+00
6.275300109650000513e-01
2.997688372860000339e+00
1.129639850020000003e+00
1.446019879609999892e+00
1.843288709059999864e+00
1.948220143469999943e+00
2.512621645140000304e+00
4.829030289159999545e-01
7.505747656980000793e-01
2.392622106390000170e+00
6.110716539270000247e-01
1.663271418249999911e+00
2.357965680600000002e+00
2.514780282729999872e+00
2.167736900109999976e+00
2.670487253690000173e+00
2.689635842349999972e+00
8.676472564110000452e-01
1.621908713529999879e+00
5.813704593659999587e-01
1.440122123679999921e+00
2.310110308279999636e+00
1.515176912489999861e+00
1.957282069990000206e+00
2.564488874279999830e+00
2.724198767639999907e+00
2.415906657100000299e+00
1.845285968909999630e+00
8.603547219859999373e-01
7.211302491590000363e-01
1.140090285519999913e+00
1.882119005070000073e+00
6.276226407830000076e-01
2.779530510979999924e+00
1.425458276489999898e+00
2.826209473230000047e+00
4.315461282120000019e-01
1.202344129749999935e+00
1.665927732319999910e+00
1.861869818920000252e+00
2.777159743839999972e+00
1.641067864150000111e-01
2.265350163129999927e+00
8.798290536730000166e-01
9.276489169609999363e-01
2.829697795520000003e+00
2.942454550450000372e+00
8.888958605079999575e-01
2.727273569819999910e+00
6.469936874130000071e-01
2.762012018669999680e+00
2.218982233070000198e+00
9.500588378350000029e-01
2.230369997619999989e+00
7.575695835519998811e-01
2.721792789329999795e+00
7.023518407659999907e-01
9.506446786359999956e-01
1.368625715589999903e+00
1.840480651629999853e+00
1.143470208489999917e+00
2.824991825040000126e+00
1.325681188720000181e+00
2.626319906419999906e-01
2.962489656079999811e+00
6.588683761560000240e-01
1.715402504839999898e+00
2.809838637689999974e+00
1.204419107529999922e+00
1.523898669570000086e+00
1.891429441540000145e+00
9.612040870550000449e-01
1.512589822560000075e+00
2.161741342620000061e+00
1.676795994359999931e+00
2.657602527560000150e-01
2.585853165260000086e+00
2.649753119030000104e+00
2.555553054570000260e+00
1.945940476049999868e+00
2.998001385620000292e+00
2.845914275649999992e-01
