9.352210803820000251e+00
9.662148737799999054e+00
1.658362268699999902e+02
8.384486480479999670e+01
4.460174267030000124e+02
4.080008763660000000e+02
7.485707057850000012e+01
1.427203977110000039e+02
1.397667870699999924e+02
2.714548671380000044e+01
7.454091953959999728e+01
8.438520680970000853e+01
3.308634714220000319e+02
1.050551166820000049e+02
3.361712917650000065e+01
1.087524425579999985e+02
1.899814809050000122e+02
6.546174151180000536e+02
5.722472407989999965e+01
4.692385103680000213e+01
3.870812602069999997e+01
1.713818108359999997e+02
1.577417513389999897e+02
1.285651792230000012e+02
1.465247496229999911e+02
2.114456793470000093e+02
7.647806918189999692e+01
1.209075348249999990e+02
1.185948040000000105e+02
1.859564422370000045e+02
2.247074496609999983e+02
1.760854138100000057e+02
1.046714607479999870e+02
1.723037579959999732e+02
2.429011130620000074e+02
1.589162440059999994e+02
1.709872754559999919e+02
1.315083476989999838e+02
4.505621342030000278e+02
1.022582501329999900e+02
1.987790926170000034e+02
8.554561262369999497e+01
2.025996281449999969e+02
1.910825906679999946e+02
7.298323452609999151e+01
1.326271575449999887e+02
2.291884826019999934e+02
8.933472917669999447e+01
2.258400414590000196e+02
1.147284629010000003e+02
1.748692850820000046e+02
2.221082643040000164e+02
2.292938110370000118e+02
2.350919214150000016e+02
2.042687083590000157e+02
9.107690221840000788e+01
1.690661837179999907e+02
2.258801335320000021e+02
2.277865573359999871e+02
2.207967868320000093e+02
2.618069146359999877e+02
2.385614173749999907e+02
5.167955384299999650e+02
1.753937436409999862e+02
1.756184847690000197e+02
2.382824906900000030e+02
1.985724329669999975e+02
1.814007238579999921e+02
1.615756944709999914e+02
1.882004775869999946e+02
5.361789082729999478e+01
1.552255657940000049e+02
2.422910244269999964e+02
1.925804868879999958e+02
1.124495778430000037e+01
2.072459507840000015e+02
2.945082142040000122e+02
2.053171470999999997e+02
2.761384942759999603e+02
2.667197085920000177e+02
3.083425534879999645e+02
1.877511179659999812e+02
3.145086772440000118e+02
8.353005109909999248e+01
2.650314364700000169e+02
2.143985947079999903e+02
2.795154970759999742e+02
2.448315565869999944e+02
2.424602554800000007e+02
2.550690268099999969e+02
6.720966950869999437e+02
2.798378545140000142e+02
6.897451190550000319e+02
1.868031703679999964e+02
2.719658972600000197e+02
2.083752748599999904e+02
3.376967348459999698e+02
2.063363245980000045e+02
2.298067788870000072e+02
3.016202708409999786e+02
2.830949032500000158e+02
2.463705209140000250e+02
1.846596414920000200e+02
3.320611371850000069e+02
3.783821568590000197e+02
2.695595162940000122e+00
1.692014371820000065e+02
2.048197755740000048e+02
4.250749094119999540e+02
3.099578524629999947e+02
3.019353846800000269e+02
1.531241554560000111e+02
3.231955314159999944e+02
2.134215019869999992e+02
2.114994712369999945e+02
2.491992487420000089e+02
2.334238421649999964e+02
1.985435293500000000e+02
2.654696033609999972e+02
1.327636555439999881e+02
1.338153789929999959e+02
9.880945182419999639e+01
1.222764254239999957e+02
1.647619034379999903e+02
1.584121228460000168e+02
1.789234194679999916e+02
2.179385188820000110e+02
2.297082293830000026e+02
1.607378717020000067e+02
2.253834199240000089e+02
9.462295136090000369e+01
1.379434029479999957e+01
1.226106032240000019e+02
2.414424926030000051e+02
3.201938040260000093e+02
1.977593177100000048e+02
2.767472846480000044e+02
2.512100727549999988e+02
1.646218722949999957e+01
2.431975264429999868e+02
2.674123158130000206e+02
3.925570271509999998e+02
6.038064265479999904e+02
2.515717657809999821e+02
3.502330085639999879e+02
1.015649451760000090e+02
1.562377805149999972e+02
2.249370809020000195e+02
1.313022327029999872e+02
3.762873242539999978e+02
1.410847518029999890e+02
2.753997887170000354e+02
3.046159093630000143e+02
1.958772687670000039e+02
3.014730102640000382e+02
3.396587385949999884e+02
1.587696291420000136e+02
1.998954463279999914e+02
5.976276070590000700e+02
3.209822497119999980e+02
2.719606061910000108e+02
2.869002751830000193e+02
7.704459880859999998e+01
1.811367595079999830e+02
2.823691077009999617e+02
3.242309392079999952e+02
4.398552512680000177e+02
3.347511402669999825e+02
4.023291225880000184e+02
3.192602567019999924e+02
4.246141788509999628e+02
1.732559253949999913e+02
1.169615139699999986e+02
3.501135324369999466e+02
3.248582955790000142e+02
1.077324157970000016e+02
2.814885382940000227e+02
2.134003536099999963e+02
9.543051676550000195e+00
1.635936844000000008e+02
1.258876995820000104e+02
1.107494702399999937e+02
2.915382265009999969e+02
3.463080571460000101e+02
1.994229894199999933e+02
2.458377563559999714e+02
1.947363262779999786e+02
1.726766847350000091e+02
2.764662410689999916e+01
2.854033779299999765e+02
2.913264844040000412e+02
2.127705615550000005e+02
2.771865913949999936e+02
1.283002721729999962e+02
4.566183989240000187e+02
9.843977018059999295e+01
1.763501432340000292e+02
1.808515675499999986e+02
1.748357582950000051e+02
2.487067417790000263e+02
2.316230170390000183e+02
2.529834547229999941e+02
4.086083443439999883e+02
3.492304618719999780e+02
4.867357920230000445e+02
1.884105979929999819e+02
1.400312447450000093e+02
1.033449005820000082e+02
3.512264530799999989e+02
3.290709371020000162e+01
2.480395967620000022e+02
3.361487494419999962e+02
5.373864870140000676e+02
2.748751225670000053e+02
3.659200369349999846e+02
4.834870965569999726e+02
3.838787416299999791e+02
6.813245700899999520e+02
4.056478567139999996e+02
9.431629822690000253e+01
2.780985771709999881e+02
3.196759100849999982e+02
3.859769830060000118e+02
1.997028464940000276e+02
1.970359323220000078e+02
2.883483413920000089e+02
4.871372137349999889e+02
1.282860532589999991e+02
4.030681741189999912e+02
5.395667142659999627e+02
1.918087904829999957e+02
2.202346553140000083e+02
5.354313485019999916e+02
5.104588290040000231e+01
1.642524027629999921e+02
5.682123806580000291e+02
4.699592547139999965e+02
1.017072156170000028e+02
1.134443707399999965e+02
3.977913595350000264e+02
3.656119097150000243e+02
3.448528579950000221e+02
4.128462054459999919e+00
1.719677153799999871e+02
2.940082291900000087e+02
4.543871920580000392e+02
1.731228787779999934e+01
5.422564313990000073e+02
1.379056759319999870e+01
1.673250496710000164e+02
4.416853184359999887e+02
1.721915443560000014e+01
1.618155865120000101e+02
1.383742981679999957e+02
1.411924411459999931e+02
1.420105992590000028e+02
4.559489406090000330e+01
2.217630949790000159e+02
5.328580906260000347e+02
4.477051961559999995e+02
2.010322597020000046e+01
1.947657489100000134e+02
6.603851181780000843e+02
3.679549416709999718e+02
4.260342271359999700e+02
5.061210583020000797e+01
2.458607140259999824e+02
4.018052993809999975e+02
2.828153489270000023e+02
3.468517431130000261e+01
1.924133128659999841e+02
2.952897584269999953e+01
8.517411027039999283e+01
4.573457568340000421e+02
8.689524220860000980e+01
7.256418365070000220e+01
2.904120362570000111e+02
7.999561843980000049e+02
4.909792255759999762e+02
2.014858817799999997e+02
7.756769864469999902e+02
6.551344561189999922e+02
1.368794610200000079e+02
1.785226750850000030e+02
5.168610453480000615e+02
2.351424698170000056e+02
2.128394078890000287e+02
6.556268402209999522e+02
5.015827185159999999e+02
7.168332638089999591e+02
2.048362704429999894e+02
7.984760247939999545e+02
7.049800305369999478e+02
1.521544859889999941e+02
7.919028929199999993e+02
3.302569259310000120e+02
5.649279993359999708e+02
2.789192612459999623e+02
3.132135787270000264e+02
5.862006451529999822e+02
5.785379803199999742e+02
6.497694120030000704e+02
2.598688129079999953e+02
5.963614862939999739e+02
2.862713903069999901e+02
7.015526776980000250e+02
2.399763522590000093e+02
6.844171921700000212e+02
4.277851467019999632e+02
4.062559024780000527e+02
1.008977242989999894e+02
2.395197007220000103e+02
7.155272993939998969e+02
5.899237361110000393e+02
6.394634760220000089e+02
6.732063507419999269e+02
4.690233192399999780e+02
5.703683763149999777e+02
5.584976316190000034e+02
6.689805931759999567e+02
6.752576063599999543e+02
6.053081028999999944e+02
5.538416735719999906e+02
