7.693360102779999821e+00
3.675079437900000023e+00
7.907322490510001245e+00
1.969945103940000219e+00
4.019798930390000358e+00
9.822411289489998865e+00
6.939427552719999781e+00
5.060069259280000509e+00
5.998399139400000912e+00
6.066531062790000206e+00
4.985163632889999974e+00
4.779669062239999988e+00
8.617427983969999872e+00
6.696464053630000635e+00
6.803420617779999624e+00
7.273704196889998919e+00
6.274401999410000208e+00
3.467403222369999760e+00
6.484337294780000427e+00
4.709606653349999839e+00
5.601795240290000422e+00
7.430486697630000137e+00
7.736186593610000273e+00
5.821535580409999966e+00
4.068138788409999762e+00
4.451723345249999575e+00
4.904925302969999734e+00
5.459355336349999810e+00
6.860729494340000123e+00
6.352135708180000506e+00
3.875082049180000432e+00
5.213578611049999978e+00
4.917515299740000678e+00
5.453968322629999754e+00
7.604954976469999295e+00
5.625318811230000549e+00
5.626930006660000316e+00
5.908679040780000946e+00
4.246079435640000455e+00
5.226770641789999949e+00
4.091283209080000205e+00
3.193457175670000314e+00
3.521344917059999524e+00
6.046123877109999434e+00
3.765292579450000066e+00
5.174369811460000079e+00
9.056390250230000660e+00
7.635626324969999601e+00
5.338135952620000069e+00
5.642374434219999735e+00
6.002997862640000903e+00
5.803584379920000202e+00
6.245466659879999938e+00
5.141684635919999913e+00
5.963527566390000700e+00
3.973290844110000108e+00
5.818678544369999095e+00
5.642763656259999649e+00
6.466029562060000124e+00
5.962458714260000292e+00
6.299591230479999915e+00
6.321473609459999921e+00
7.645252324910000397e+00
6.400630820179999958e+00
6.034390788669999672e+00
5.254299946030000612e+00
3.994620432419999645e+00
4.053563798349999914e+00
8.875263843560000865e+00
5.073521183209999563e+00
7.093668732580000302e+00
6.823277117130000846e+00
6.828894972369999650e+00
3.823079762830000394e+00
2.029203022279999935e+00
5.526574992490000504e+00
5.408774211109999008e+00
7.210513235229999651e+00
7.289877696419999609e+00
2.877670068240000045e+00
6.277095251119999553e+00
5.164768825819999520e+00
6.602071529299999852e+00
4.829791273699999721e+00
6.814744430260000208e+00
4.997127947410000104e+00
4.956553532719999211e+00
5.307074117280000891e+00
5.550874225840000342e+00
4.927418383660000067e+00
6.151322498790000814e+00
5.475605030720000599e+00
9.129301282310001042e+00
6.619037175069999890e+00
5.916467294369999408e+00
5.298530120909999752e+00
7.441072292220000328e+00
4.947774443919999321e+00
5.238086908799999719e+00
7.723582757369999996e+00
4.539887658939999682e+00
7.049098240330000209e+00
5.371565331940000299e+00
5.196929778769999508e+00
3.419197594209999913e+00
3.800500869069999510e+00
3.697846114100000303e+00
4.542449097930000512e+00
4.429089415380000894e+00
4.498012186590000461e+00
5.242799665819999788e+00
2.877311526679999787e+00
3.845964373909999789e+00
3.789901918030000427e+00
4.542071932639999865e+00
2.296627596530000037e+00
5.431446423250000599e+00
3.677652087280000259e+00
5.747483271510000158e+00
7.561052885260000522e+00
5.756544765990000201e+00
4.653276729399999923e+00
3.649609724489999873e+00
3.564334869090000524e+00
5.112136044980000626e+00
6.364768108330000729e+00
5.053615976209999694e+00
5.182942701350000014e+00
5.411739506880000938e+00
4.271068429709999670e+00
1.404070204399999966e+00
5.603097521479999621e+00
4.694478554479999843e+00
5.909006053480000631e+00
6.671734985630000558e+00
5.337996280469999633e+00
6.027042439780000649e+00
6.261852153930000497e+00
1.789229672619999878e+00
5.992861011290000484e+00
5.989222531380000270e+00
5.164181606830000604e+00
3.416638645299999499e+00
8.373303599299999789e+00
4.375834290040000241e+00
3.295534590089999938e+00
6.008511841419999833e+00
4.222498909160000480e+00
4.635614749770000209e+00
7.158097537460000659e+00
3.335950002609999743e+00
6.590722429650000436e+00
4.720012696130000407e+00
4.596524674040000313e+00
4.410593801410000125e+00
6.549806104709999133e+00
5.270529668170000015e+00
5.068091232369999588e+00
5.175814683069999589e+00
6.851953241809999540e+00
4.544141961070000235e+00
5.703270309419998796e+00
6.523113308500000151e+00
5.682735870930000210e+00
4.122608567509999489e+00
5.807396050580001301e+00
4.575762330399999911e+00
8.698882403780000772e+00
1.523986214689999841e+00
5.203975575410000332e+00
6.140516820540000253e+00
3.388202173050000265e+00
3.323409903069999949e+00
4.968741633369999633e+00
7.260822127719999131e+00
7.126607744160000202e+00
6.756713873759998989e+00
6.449754006500000081e+00
1.587112963380000075e+00
2.609705912959999541e+00
6.670273659830000312e+00
7.540255666269999324e+00
5.667322556150000246e+00
4.231260172859999891e+00
3.656424912209999434e+00
3.808336452159999830e+00
3.434022422620000459e+00
5.234848331619999406e+00
1.814395817070000083e+00
3.952625098030000395e+00
3.012375254840000238e+00
9.805406788580000921e+00
5.614146062330000575e+00
7.284318827759999948e+00
6.367472942769999200e+00
6.496064526490000546e+00
5.091994263730000192e+00
5.740061717359999705e+00
5.322520843459999540e+00
4.453028278419999708e+00
4.031700261390000151e+00
5.416558794630000229e+00
5.083067858599999767e+00
9.199775811580000351e+00
4.382117229030000338e+00
2.300941001709999600e+00
7.757321034149999406e+00
5.846497131330000485e+00
3.700480723490000567e+00
1.177857335499999936e+00
6.203029785070000024e+00
6.253990758969999675e+00
4.079316347309999813e+00
4.326031210690000073e+00
5.154936914669999481e+00
7.532832674749999846e+00
8.550344985780000684e+00
6.321496600269999711e+00
7.596646657370000000e+00
3.941635629790000372e+00
6.957784164069999555e+00
8.464580822610001221e+00
7.188769372430000359e+00
6.149045367480000301e+00
5.911603228169998836e+00
7.139281426289999288e+00
3.686856822819999380e+00
5.754560487430000038e+00
3.463981926590000260e+00
9.395904572090000073e+00
2.016727375929999955e+00
5.707824266519999412e+00
4.399238396569999487e+00
9.056018422750000241e+00
8.620417507310000005e+00
6.330372559010000622e+00
8.001088786660000451e+00
1.071959759379999877e+00
2.616576756259999748e+00
4.987127359940000559e+00
6.911009216889999252e+00
2.015021132709999829e+00
8.214242211910001146e+00
5.625001998730000174e+00
1.471340775479999863e+00
6.098260698280000724e+00
3.854936566619999283e+00
6.956325428189998661e+00
6.484489114639999663e+00
2.115455747049999946e+00
7.631311997090000077e+00
2.298519238040000356e+00
7.127454571539999506e+00
3.722496431619999324e+00
7.989956284119999808e+00
6.175946379019999100e+00
8.383820791330000688e+00
5.750075842619999378e+00
2.681534304529999968e+00
4.094591095600000230e+00
3.872417825469999908e+00
8.491234242799999166e+00
1.301822407149999972e+00
6.385897327300000370e+00
1.257368994789999972e+00
4.320298912080000164e+00
9.839751296090000210e+00
5.288437714569999670e+00
4.303615242600000279e+00
6.618800739460000138e+00
3.696477653399999674e+00
1.496412214080000025e+00
6.957747932849999373e+00
5.384614145789999640e+00
5.236539864330000071e+00
5.888958304540000022e+00
2.920300232910000293e+00
5.797496483499999798e+00
1.451303377249999915e+00
1.429231507579999949e+00
7.880479928910000709e+00
7.864520743239999057e+00
3.967450401230000256e+00
8.383760439739999626e+00
6.078048949889999442e+00
4.499447318309999666e+00
8.809159588800000051e+00
9.013090803289999897e+00
8.326416166910000527e+00
8.004477333860000599e+00
4.426182708399999832e+00
1.997958939370000131e+00
2.629369034429999807e+00
7.673149371780000116e+00
2.545196586409999906e+00
4.386888011939999998e+00
3.661901111819999777e+00
4.183616222099999504e+00
2.215145680670000061e+00
3.752689794350000163e+00
1.643145092679999975e+00
5.162553498000000296e+00
7.117404811080000115e+00
6.327613265569999257e+00
8.711691170039999932e+00
4.313542837880000036e+00
8.088185750459999213e+00
7.624168032460000077e+00
6.292171170689999649e+00
3.537236083399999842e+00
6.391769902470000098e+00
5.977568387509998971e+00
8.998140943650000168e+00
4.078348733999999531e+00
5.897476241769998850e+00
8.344760980630001157e+00
4.769519847549999803e+00
4.502592232609999634e+00
8.344256273819999237e+00
6.697211677159999432e+00
7.806086258139998790e+00
2.279456659300000076e+00
2.976369681530000033e+00
