3.388352292240000008e-01
2.603385366319999616e-01
5.692248983980000565e-01
5.345966772169999937e-01
7.284348257559999373e-01
6.469330844149999704e-01
3.897692699109999714e-01
4.800574037659999793e-01
4.568773010899999654e-01
4.255626782570000044e-01
4.678364992140000567e-01
4.282680100869999951e-01
4.720772624019999864e-01
3.864858346489999930e-01
4.047420932909999713e-01
4.521802731339999992e-01
4.071046857750000303e-01
8.166315409090000310e-01
4.167537737929999930e-01
4.116216825859999595e-01
4.346916964769999558e-01
4.230567912439999745e-01
3.822138086049999828e-01
4.490474894240000237e-01
4.369855080080000120e-01
4.518162182970000273e-01
3.576130475559999855e-01
4.061960137919999880e-01
3.533405014750000128e-01
4.348621073769999845e-01
5.253188289460000160e-01
4.279711103549999618e-01
4.650691235140000379e-01
4.565896066619999916e-01
4.273114195689999839e-01
4.530112751709999830e-01
4.613081468470000002e-01
3.856465323230000020e-01
7.824795070600000235e-01
4.657818999530000115e-01
4.402607376359999880e-01
4.858481265360000134e-01
3.983759401650000531e-01
4.573286055460000221e-01
4.899023677559999901e-01
4.746179340789999923e-01
4.039178723009999583e-01
4.657543057720000546e-01
4.622084799639999964e-01
3.750986382890000304e-01
4.827568909889999871e-01
4.381051866430000219e-01
4.665308694659999755e-01
4.304294677179999473e-01
4.151827776089999644e-01
4.885809327080000153e-01
4.340498712120000047e-01
4.438138617040000011e-01
4.909250506250000257e-01
4.792129211539999933e-01
4.534493303840000378e-01
4.385490177649999932e-01
4.979139585769999932e-01
4.822733709900000054e-01
3.469590594860000321e-01
4.143468419919999479e-01
4.900353624830000032e-01
4.571322671859999742e-01
3.270197134280000140e-01
4.625150084870000011e-01
3.852563107920000118e-01
3.429896254959999835e-01
3.884101070889999785e-01
4.765359880989999963e-01
5.313874951560000337e-01
4.083110655730000094e-01
4.793205474449999670e-01
4.956654953819999987e-01
4.239994805689999979e-01
4.185283545629999713e-01
4.348854702330000044e-01
3.893494731380000018e-01
4.873655542979999367e-01
5.228360447840000313e-01
4.617893567989999615e-01
4.914222611949999875e-01
4.176231962579999846e-01
5.053739162310000310e-01
5.105824052719999395e-01
4.986541711790000164e-01
7.322403121080001132e-01
5.071085962550000437e-01
6.195385710809999669e-01
5.208312458480000018e-01
4.545123694030000494e-01
4.025821664689999690e-01
4.403776703489999944e-01
5.166287443210000330e-01
4.501996496779999690e-01
4.267917889069999804e-01
5.213789395910000124e-01
4.359243356059999686e-01
5.216989139159999844e-01
4.807047927109999730e-01
5.171518679809999908e-01
5.872736415199999449e-01
5.329240959500000097e-01
4.520823459250000176e-01
5.709695652740000016e-01
5.173742036869999339e-01
5.351692548229999291e-01
5.466993890999999328e-01
4.250547640690000573e-01
5.382007392519999600e-01
3.479271612859999863e-01
5.183160105630000292e-01
5.304770099779999581e-01
4.602123994870000456e-01
5.747515792940000035e-01
3.282138966250000012e-01
3.950753545570000469e-01
6.005675667250000016e-01
5.286434793650000019e-01
3.779481404739999939e-01
5.354650304999999388e-01
5.451981864299999536e-01
5.393491145309999846e-01
5.343310918289999600e-01
3.842153582160000025e-01
4.824461200050000342e-01
5.907155226460000241e-01
5.047251687200000614e-01
3.426373346900000172e-01
4.783148847190000219e-01
5.179989358609999872e-01
3.320978347790000118e-01
4.810957280459999819e-01
5.426565027249999895e-01
2.978423989569999875e-01
5.639875309980000306e-01
3.607265956189999456e-01
4.738691349009999665e-01
8.287098973999998952e-01
5.219522104259999296e-01
5.031742297730000812e-01
5.645672104300000216e-01
5.640316831920000329e-01
5.439415511790000046e-01
3.395342539679999661e-01
5.305318954339999227e-01
5.585682476800000185e-01
4.527044713419999811e-01
5.405349207199999784e-01
5.610186266619999751e-01
4.842996516770000093e-01
4.198927241500000074e-01
5.677946792929999820e-01
5.732564073200000498e-01
5.955284350749999733e-01
5.491141778179999822e-01
5.822147027890000048e-01
4.571235324240000009e-01
2.801594826450000131e-01
5.828227800999999930e-01
5.177845049000000532e-01
5.789744423110000371e-01
5.683392900990000829e-01
3.636815077849999689e-01
3.873336878879999889e-01
5.982470809929999467e-01
4.530854691369999854e-01
5.822067124019999484e-01
6.036427596850000299e-01
5.321087972019999945e-01
3.659675777539999619e-01
6.026539224339999556e-01
6.015701652920000253e-01
3.449119817859999659e-01
6.069941874830000472e-01
4.072695881110000027e-01
3.502708431680000012e-01
6.111318545109999389e-01
6.236439381459999431e-01
6.914399379189999362e-01
4.188792133500000014e-01
3.085748286330000090e-01
2.537401063429999826e-01
6.225324122790000247e-01
5.816011633890000310e-01
6.084383385639999808e-01
4.182255713240000117e-01
5.545146021079999654e-01
5.557390789780000118e-01
6.112643185339999841e-01
5.904304996770000091e-01
6.100095399480000014e-01
5.583410788840000860e-01
4.383294362799999844e-01
6.164737325990000683e-01
6.383298735810000180e-01
4.501701688960000336e-01
6.302352872790000227e-01
5.013544600310000376e-01
4.019755413949999689e-01
3.806061956149999759e-01
5.643502902639999652e-01
5.179654965129999455e-01
7.219914937729999815e-01
5.815750282989999853e-01
7.303710568880000809e-01
2.531667846579999659e-01
6.554978440820000696e-01
5.658173085430000526e-01
4.840986446980000135e-01
4.447731635100000136e-01
4.552604671000000103e-01
6.075079047789999631e-01
7.003078864319999264e-01
6.742631959689999732e-01
2.839084404760000013e-01
2.750130930340000113e-01
6.703342192860000104e-01
4.170264931479999992e-01
6.648425365210000049e-01
7.066041289300000194e-01
6.891010620209999660e-01
4.552842668779999991e-01
5.914021385239999207e-01
6.375979595980000303e-01
8.335452906410000251e-01
7.364168511779999315e-01
6.804031803499999143e-01
6.001046754379999459e-01
7.355042588400000358e-01
6.905205049009999207e-01
6.269564344579999782e-01
6.675458749409999282e-01
6.570473248139999667e-01
6.678150940199999441e-01
2.733764918830000057e-01
3.727351990990000474e-01
5.457953645209999705e-01
7.320539982619999053e-01
3.795689642729999647e-01
7.288526510570000339e-01
4.117300788609999929e-01
1.642261171780000084e-01
6.312213206619999850e-01
6.894104649789999373e-01
3.579131528530000161e-01
6.304088261739999588e-01
6.363648194490000298e-01
7.703058893340000157e-01
1.273465974359999919e-01
1.635056137879999927e-01
7.799279308779999420e-01
1.220156894220000010e-01
1.465272481229999979e-01
6.274567810660000022e-01
4.538033436930000164e-01
7.720799490160000778e-01
2.264726125329999951e-01
6.499064564209999784e-01
7.499621872899999708e-01
6.778727650540000704e-01
7.132412668930000477e-01
1.369164509370000005e-01
3.173798964769999897e-01
7.002775699940000376e-01
3.387536080659999671e-01
5.356299981709999880e-01
2.427667119929999839e-01
1.242262058599999941e-01
5.455196460140000481e-01
7.468120786929999255e-01
8.023513503870000063e-01
1.308293212580000087e-01
5.885944957429999347e-01
6.369952680659999311e-01
1.859087263860000061e-01
7.362127421539998995e-01
6.640308627869999647e-01
5.668170296790000506e-01
7.963999093739999591e-01
3.815393642279999442e-01
3.305078974310000084e-01
5.731520954949999996e-02
7.867127044199999641e-01
3.496660051589999818e-01
7.020972943610001016e-01
3.529505756199999844e-01
5.859753228499999800e-01
5.955541382710000109e-01
2.622795381270000004e-01
7.064314431899999525e-01
8.299299647310001138e-01
2.540501149020000238e-01
2.711607463679999719e-01
2.181343227549999986e-01
8.044521308559999806e-01
2.735318655350000294e-01
6.253871015440000125e-01
1.948945938830000044e-02
2.700805201699999492e-01
8.180259786160000157e-01
4.179686764540000432e-01
2.700532721649999690e-01
2.792893024800000568e-01
8.358301530929999890e-02
1.476592356670000106e-01
8.463234837770000629e-01
1.657313128739999883e-03
5.134822597939999733e-01
2.838528942040000058e-01
2.044212331610000266e-01
2.587083306630000301e-01
3.112806240379999978e-01
6.595900530899999337e-02
4.146119893830000486e-02
1.439958633239999952e-01
1.024324763550000100e-01
1.493410200110000148e-02
1.264199248420000074e-02
