9.255614482179999047e-01
9.296286616789999346e-01
1.933932634080000063e-03
2.349721148030000512e-03
3.103136887750000076e-03
1.106696300550000060e-02
4.854380250300000671e-02
3.906211316959999624e-02
4.834154669730000159e-02
7.189211777189999375e-02
6.606356023369999719e-02
7.919051403089999441e-02
5.026409277060000375e-02
1.037075308809999874e-01
1.613877041600000062e-01
9.474100079560000831e-02
4.220028596030000329e-02
1.034918705220000054e-02
2.015798646130000094e-01
2.394701942100000147e-01
3.091238834139999891e-01
1.445118200309999934e-01
1.531452562030000131e-01
2.106650837799999842e-01
4.411550263620000467e-01
5.351309213140000715e-02
4.080000003520000140e-01
1.895902043129999992e-01
2.749856132300000366e-01
2.252545186479999739e-01
5.658734150759999609e-02
3.009077096649999672e-01
2.305311818309999927e-01
2.790864850440000211e-01
2.032336209549999995e-01
2.264232183109999852e-01
2.583393972540000139e-01
3.840885834609999994e-01
1.328891629990000024e-02
4.623735382120000015e-01
1.362795368960000031e-01
3.488625092750000101e-01
1.901333751159999808e-01
3.145524862000000366e-01
3.137270674229999945e-01
1.890945475209999949e-01
1.287178084630000163e-01
5.950497710399998974e-01
1.684519901680000264e-01
1.754729750219999884e-01
2.460951368010000084e-01
2.397834605990000201e-01
3.621901389140000371e-01
2.455434898250000164e-01
3.376164931419999848e-01
3.455989106570000469e-01
2.758612531869999995e-01
3.969805639509999540e-01
3.351372321500000195e-01
3.679872348619999678e-01
3.428268145480000140e-01
3.048589465980000024e-01
3.163042693849999615e-02
5.133617146050000191e-01
2.147359831050000001e-01
3.504330265989999971e-01
3.830000604270000220e-01
2.888743824800000040e-02
1.362580097960000014e-01
3.356099051900000019e-01
2.616086018389999768e-01
4.623845130489999677e-01
4.644346617319999870e-01
2.081630069119999871e-01
4.336153502009999494e-01
4.084900776079999907e-01
1.910505045210000030e-01
4.785151304499999925e-01
3.217385055940000238e-01
1.266460801779999978e-01
2.638903534049999999e-01
1.619134528280000151e-01
1.653596295969999852e-01
1.257689438540000038e-01
3.939466979580000250e-01
3.487377897079999567e-01
2.160087042729999796e-01
2.812427689659999785e-01
2.749779990260000084e-01
2.610616788650000353e-01
2.246916083850000051e-02
2.149056308189999931e-01
3.107351849029999641e-02
2.966330204579999963e-01
2.535043799889999949e-01
4.870240851699999540e-01
1.508142514770000053e-01
2.404619400309999933e-01
4.426460975670000186e-01
3.289399177349999759e-01
1.656803728150000043e-01
4.261738672770000180e-01
2.514280543290000058e-01
1.898004415529999933e-01
1.162422158440000047e-01
3.170333083230000154e-02
2.298066830959999973e-01
4.691767880020000225e-01
8.274166281130000689e-02
2.170693882149999920e-01
1.650519291149999956e-01
1.373262164800000129e-01
2.638877486819999896e-01
3.001239422410000302e-01
3.205186240849999812e-01
3.243194780950000022e-01
2.917287789399999887e-01
2.889082842690000041e-01
8.310555223830000393e-02
5.343049283809999661e-01
3.518183626229999805e-01
6.040174782809999698e-02
1.703715558329999824e-01
3.929012157829999685e-01
3.436894742109999901e-01
2.875896368290000171e-01
3.643409964400000089e-01
3.490539415569999804e-01
2.906742103370000274e-01
4.763945882689999967e-01
7.312281972999999657e-02
9.921851875509999363e-01
4.919470328710000007e-01
4.003444422510000211e-01
3.212582937289999996e-01
3.652242114270000117e-01
3.561143431369999668e-01
2.873270547230000194e-01
5.853524334949999908e-01
1.408891207210000163e-01
2.892774629569999645e-01
1.817018827730000063e-01
1.817569820920000162e-02
5.634175573849999896e-01
2.754070734990000102e-01
3.228648390239999832e-01
2.542296744959999799e-01
3.384927158219999677e-01
6.039914733269999836e-01
3.349740515960000220e-01
2.869139296429999986e-01
3.446303256880000054e-01
2.362765249610000173e-01
4.343940478880000122e-01
2.521097210939999833e-01
5.264974625339999825e-01
2.117944404690000060e-01
2.780112556740000351e-01
8.229917537999999200e-02
2.675935736870000414e-01
1.602240970460000191e-01
4.657467370410000029e-01
5.264817999330000386e-01
3.535066022050000201e-01
2.916850725699999813e-01
2.467106996060000057e-01
2.162965544860000200e-01
3.677055411879999736e-01
1.811154365859999893e-01
1.792220613500000170e-01
3.334721923999999782e-01
4.933261744389999537e-01
1.907991975979999866e-01
4.172715609939999792e-01
3.652739193599999767e-01
2.904229477210000243e-01
2.504657544319999762e-01
6.605498130899999376e-01
3.502686863440000464e-01
2.480361783199999948e-01
4.624676393450000145e-01
2.560333425499999871e-01
1.411829480870000209e-01
6.192921598090000285e-02
6.707137322530000167e-01
2.511150242210000161e-01
2.806998996339999941e-01
2.060400847580000083e-01
2.647878897550000055e-01
2.795491629869999994e-01
2.131048884540000243e-01
6.933166261310000911e-01
7.266335983180000069e-01
4.370439379230000032e-01
2.121014101250000006e-01
3.946393840659999652e-01
4.246367782570000249e-01
5.479339889340000269e-01
3.574102587699999889e-01
2.278423197100000186e-01
6.034996226650000128e-01
2.469249950419999950e-01
4.525833452560000247e-01
4.840293323720000207e-01
5.889498259240000255e-02
3.616821370539999858e-01
7.436979864789998451e-02
7.395949693150000170e-02
3.427938476630000286e-01
6.999792379750000015e-02
2.313102213780000027e-01
1.924792289799999723e-01
2.915027283189999818e-01
8.606178761920000309e-01
6.161693759330000297e-01
4.242841101259999803e-01
2.279895900610000026e-01
9.009229254000000742e-02
2.105096262159999732e-01
1.916993752789999950e-01
5.181366961459999976e-01
3.066790575539999897e-01
3.227294529149999924e-01
3.820221312210000386e-01
1.382258749810000020e-01
2.094611349030000014e-01
3.121675290979999962e-01
5.940089914749999700e-01
5.653835577710000226e-01
5.722501853090000007e-02
1.387746899530000189e-01
4.705206256100000206e-01
4.602958422969999908e-01
1.678086197040000171e-01
4.189731789280000118e-01
3.931346194399999994e-01
5.167007170480000244e-01
6.961248301129999705e-01
6.259145955699999542e-01
1.944349828339999864e-01
6.093310130889999510e-01
2.603356241970000151e-01
2.233942151599999926e-01
7.229736616210000744e-01
3.081211027540000091e-01
4.926350243590000288e-01
6.557293974180000706e-01
6.907784963799999955e-01
5.292201176269999419e-01
2.396091975569999977e-01
9.612082762589999607e-01
7.225500785920000446e-01
2.153804890769999980e-01
1.809975283460000250e-01
9.945641319610000197e-01
2.247616110759999841e-01
6.962166566109999621e-01
4.470258703439999870e-01
3.521443538069999879e-01
6.721767369529999536e-01
2.886394086380000279e-01
3.911570518559999710e-01
4.418169735289999567e-01
4.278723477660000274e-01
7.986978661049999317e-01
7.051983472239999884e-01
4.173814988889999467e-01
8.787961517100000286e-01
8.563116717010000878e-01
9.023516621939999816e-01
9.300825792269999948e-01
9.491192856489999441e-01
6.868212705399998619e-01
4.211749146239999742e-01
6.352784439499999936e-01
3.514788784830000234e-01
4.402569808179999655e-01
1.678055841239999846e-01
4.931424449180000225e-01
7.644672512869999936e-01
3.963027729140000122e-01
7.937631261769999558e-01
4.317353360629999637e-01
5.446217877150000275e-01
2.396704618219999972e-01
8.134075092380000926e-01
3.998596140580000236e-01
6.328889360039999801e-01
2.346874983270000048e-01
7.900367630569999911e-01
6.940573440620000367e-01
5.136238419619999496e-01
7.197947620919999956e-01
9.569965179700000713e-01
5.847575997739999920e-01
5.982385384210000545e-01
4.179485915380000138e-01
3.161687745210000067e-01
2.577796930909999618e-01
8.233791838899999771e-01
3.250044762840000323e-01
8.743674018739999720e-01
6.591054862640000067e-01
1.299245658329999942e-01
8.638903661360000097e-01
8.667992777079999156e-01
6.923942440070000037e-01
1.689583063129999896e-01
3.036658089370000146e-01
5.656081485719999247e-02
9.298915982050000029e-01
6.974310574960000675e-02
8.043616639539999946e-01
8.713763299410000052e-01
7.219908096719999113e-01
6.933572628949999928e-01
6.604300723339999735e-01
1.095061166400000119e-01
4.651860766390000235e-01
8.075731880109999761e-01
3.965336083470000217e-01
4.977488388249999562e-02
7.421347408549999747e-02
